p cnf 35 100
-18 12 8 0
-22 -26 9 0
4 14 -25 0
-22 -19 -20 0
-28 -17 -18 0
8 -24 1 0
-17 10 15 0
14 -29 12 0
14 12 11 0
14 -18 4 0
13 1 -16 0
-16 -18 11 0
-24 -18 -25 0
14 9 9 0
-30 2 -25 0
-18 6 15 0
14 -22 -24 0
-25 1 -19 0
7 11 -26 0
-17 -20 9 0
-17 -28 6 0
2 13 -23 0
8 3 6 0
2 12 11 0
7 12 9 0
2 -25 10 0
12 5 -28 0
6 -29 -24 0
-20 1 4 0
15 14 -19 0
-24 -30 -16 0
-25 -27 -29 0
-18 4 1 0
-19 2 13 0
-30 9 -20 0
8 6 10 0
-17 -17 10 0
14 -18 5 0
4 7 5 0
8 -18 15 0
-22 7 10 0
8 2 6 0
2 15 6 0
3 4 7 0
11 -29 11 0
-26 2 -17 0
1 14 -29 0
11 -24 -17 0
15 -27 -19 0
-16 33 2 0
-30 -26 5 0
9 -29 2 0
10 1 -17 0
-34 -29 -33 0
-18 34 10 0
-29 -30 11 0
15 -27 -24 0
10 35 -17 31
-35 -21 13 0
6 2 13 0
8 1 4 0
8 6 2 0
10 15 31 0
-26 -26 1 0
7 14 1 0
12 13 -26 0
-22 -23 -23 0
-16 2 -29 0
-28 -23 -16 0
11 -29 -18 0
-23 2 14 0
-22 10 -19 0
-23 -19 -30 0
-25 11 -32 0
-21 13 32 0
-17 -25 13 0
13 -16 6 0
5 -27 3 0
-30 -25 -26 0
15 1 -20 0
-28 -19 -17 0
12 10 -26 0
-26 -29 11 0
-22 -24 -17 0
13 10 -29 0
14 -27 -23 0
-27 5 5 0
-28 10 -27 0
1 9 -17 0
-22 -19 -17 0
7 -16 2 0
-24 -23 8 0
15 15 6 0
-25 6 -25 0
11 15 5 0
6 -28 -27 0
-28 -20 2 0
-28 -17 7 0
-25 13 15 0
11 5 4 0
